$ 0 0.000005 1.5642631884188172 50 5 50
f 1088 272 1040 272 16 1.5 0.001
w 1088 272 1088 224 0
f 1088 192 1040 192 17 1.5 0.001
w 1040 208 1040 240 0
f 1120 192 1168 192 17 1.5 0.001
f 1120 272 1168 272 48 1.5 0.001
w 1040 240 1120 240 0
w 1120 240 1120 272 0
w 1088 192 1088 224 0
w 1088 224 1168 224 0
w 1168 224 1168 208 0
w 1168 224 1168 256 0
w 1120 240 1120 192 0
w 1168 176 1168 160 0
w 1040 160 1040 176 0
w 1040 288 1040 304 0
w 1040 304 1104 304 0
w 1104 304 1168 304 0
w 1168 304 1168 288 0
g 1104 304 1104 336 0
w 1040 256 1040 240 0
R 1104 160 1104 128 0 0 40 5 0 0 0.5
w 1040 160 1104 160 0
w 1104 160 1168 160 0
f 992 112 992 240 16 1.5 0.04
f 1216 112 1216 224 24 1.5 0.04
w 1008 240 1040 240 0
w 1168 224 1200 224 0
w 992 112 1216 112 0
w 1264 224 1264 384 0
w 1232 224 1264 224 0
w 944 240 976 240 0
w 1264 224 1264 -112 0
w 944 240 944 -48 0
w 944 240 944 384 0
R 592 96 592 48 0 0 40 5 0 0 0.5
w 864 -48 944 -48 0
w 864 -112 1264 -112 0
f 896 384 848 384 48 1.5 0.04
162 848 304 848 368 2 default-led 1 0 1 0.01
r 848 304 848 240 0 220.00000000000003
R 848 240 848 192 0 0 40 5 0 0 0.5
g 848 400 848 432 0
w 896 384 944 384 0
r 1360 304 1360 240 0 220.00000000000003
162 1360 304 1360 368 2 default-led 1 0 1 0.01
g 1360 400 1360 432 0
R 1360 240 1360 192 0 0 40 5 0 0 0.5
f 1312 384 1360 384 48 1.5 0.04
w 1312 384 1264 384 0
w 672 112 992 112 0
s 592 -176 672 -176 0 1 true
w 752 -96 752 -176 0
w 752 -32 704 -32 0
w 752 -96 752 -32 0
w 704 -96 752 -96 0
180 672 -48 736 -48 0 0.1 10000000000
180 672 -112 736 -112 0 0.1 10000000000
w 560 -32 592 -32 0
w 560 -128 560 -32 0
w 560 -128 592 -128 0
w 528 -64 528 -32 0
w 592 -64 528 -64 0
w 528 -96 528 -64 0
w 592 -96 528 -96 0
S 672 -48 592 -48 0 1 false 1 2
S 672 -112 592 -112 0 1 false 1 2
g 528 -32 528 0 0
R 560 -176 560 -224 0 0 40 5 0 0 0.5
w 736 -112 864 -112 0
w 736 -48 864 -48 0
r 816 -176 752 -176 0 10000
g 816 -176 816 -160 0
w 672 -176 752 -176 0
w 592 -176 560 -176 0
w 560 -176 560 -128 0
S 672 112 592 112 0 1 false 0 2
g 592 128 592 160 0
g 1168 48 1168 80 0
R 1040 16 1040 -32 0 0 40 5 0 0 0.5
r 1104 16 1040 16 0 220.00000000000003
162 1104 16 1168 16 2 default-led 1 0 1 0.01
f 1216 32 1168 32 48 1.5 0.04
w 1216 112 1216 32 0
g 992 448 992 464 0
R 1072 400 1072 368 0 0 40 5 0 0 0.5
r 1072 448 1072 400 0 220.00000000000003
162 1072 448 1024 448 2 default-led 1 0 1 0.01
f 1008 400 1008 448 48 1.5 0.04
r 1136 448 1136 400 0 220.00000000000003
R 1136 400 1136 368 0 0 40 5 0 0 0.5
162 1136 448 1184 448 2 default-led 1 0 1 0.01
f 1200 400 1200 448 56 1.5 0.04
g 1216 448 1216 464 0
w 1200 224 1200 400 0
w 1008 400 1008 240 0

